type x,y,w,h
wallut 50,0,55,46
	19,49,147,22
	0,71,198,29
IGU	0,126,200,74
	29,86,163,37
	48,48,125,41
	77,35,67,13
Bird	0,40,17,10
	17,30,24,30
	41,39,59,11
	33,50,42,30
penguin
squa	17,9,83,33
	0,43,67,57
walk	8,39,84,33
	0,67,77,133
jump	0,24,29,68
	30,34,90,34
	31,68,67,132
penguin(70%) size {70,124}
walk	82,85,18,8
	36,72,46,39
	30,111,52,89
jump	82,85,18,8
	43,71,40,40
	30,111,52,89
	8,63,31,44
squa	size {61,67}
	39,158,40,42
	49,134,36,24
	85,148,15,5
bear {98,172}
walk_jump
	39,28,51,16
	27,41,72,16
	12,54,74,146
squa {85,100}
	42,100,48,16
	22,116,78,12
	15,128,71,72
slime {100,100}
walk 	8,110,84,81
jump	8,91,84,99